! 33 33 33 33 0
" 219 219 219 219 0
# 218 218 218 218 0
$ 36 36 36 36 0
% 37 37 37 37 0
& 38 38 38 38 0
( 40 40 40 40 0
) 41 41 41 41 0
* 42 42 42 42 0
+ 43 43 43 43 0
, 44 44 44 44 0
- 45 45 45 45 0
. 46 46 46 46 0
/ 64 64 64 64 0
0 48 48 48 48 0
1 49 49 49 49 0
2 50 50 50 50 0
3 51 51 51 51 0
4 52 52 52 52 0
5 53 53 53 53 0
6 54 54 54 54 0
7 55 55 55 55 0
8 56 56 56 56 0
9 57 57 57 57 0
: 58 58 58 58 0
; 59 59 59 59 0
< 60 60 60 60 0
= 61 61 61 61 0
> 62 62 62 62 0
? 63 63 63 63 0
@ 216 216 216 216 0
A 181 182 181 181 1
B 73 74 75 72 0
C 113 114 115 112 0
D 96 97 96 96 1
E 194 195 196 193 0
F 68 69 68 68 1
G 70 71 70 70 1
H 198 199 200 197 0
I 166 167 168 165 0
J 121 122 123 120 0
K 162 163 164 161 0
L 170 171 172 169 0
M 174 207 176 206 0
N 178 179 180 177 0
O 205 184 205 205 1
P 77 78 79 76 0
Q 89 90 91 88 0
R 98 99 98 98 1
S 105 106 107 104 0
T 81 82 83 80 0
U 185 186 185 185 1
V 189 190 189 189 1
W 191 192 191 191 1
X 109 110 111 108 0
Y 202 203 204 201 0
Z 100 101 100 100 1
[ 209 209 209 209 0
\ 210 210 210 210 0
] 211 211 211 211 0
^ 212 212 212 212 0
_ 220 220 220 220 0
` 221 221 221 221 0
d 102 103 102 102 1
f 117 118 119 116 0
g 125 126 208 124 0
h 93 94 95 92 0
j 85 86 87 84 0
k 187 188 187 187 0
l 66 67 66 66 1
{ 213 213 213 213 0
| 214 214 214 214 0
} 215 215 215 215 0
~ 217 217 217 217 0
